Case #1:
1001011011101011 5  2  17  2  5  2  5  2  23 
1110011100011101 5  2  11  2  5  2  5  2  29 
1110110110011111 3  2  3  2  7  2  3  2  3 
1001101111111011 73  2  3  2  19  2  5  2  3 
1101110110101001 3  2  5  2  5  2  3  2  7 
1100001110110111 3  2  5  2  5  2  3  2  11 
1111110010111101 3  2  3  2  7  2  3  2  3 
1011010010000011 11  7  89  61  29  47  7  13  7 
1001101101110001 13  73  3  601  13  3  37  6481  3 
1110110010111101 5  73  73  23  101  5  11483  103  3379049 
1111110110001001 3  2  5  2  5  2  3  2  11 
1101100011110011 3  2  5  2  5  2  3  2  11 
1001001000001011 7  2  3  2  23  2  601  2  3 
1101111000011111 101  11  19447  43  47  257  67  5939  331 
1111000110100111 3  2  5  2  5  2  3  2  7 
1101111101100001 5  2  17  2  5  2  5  2  101 
1001110011010101 3  1871  3  3  1409  3  3  67  3 
1111000010100001 229  7  73  11  100193  388697  7  15797  7 
1110110011010011 3  2  5  2  5  2  3  2  11 
1011100111011011 7  7  23  11  11  1621  13  7  7 
1001111101001001 11  5  3  11  379  3  5  23  3 
1001001001010011 47  5  47  11  127  19  5  857  83 
1100010000010001 3  11  47  3  5  67  3  3221  8631191 
1110100101111101 7  1231  37  29  47  97  11  7  4447 
1111111100001111 3  2  3  2  7  2  3  2  3 
1101000011111011 3  2  5  2  5  2  3  2  11 
1100000011101101 3  2  5  2  7  2  3  2  11 
1110110111011011 3  2  3  2  7  2  3  2  3 
1010110101100111 3  2  5  2  5  2  3  2  11 
1101101011011111 3  2  3  2  7  2  3  2  3 
1111110000111001 3  2  5  2  5  2  3  2  11 
1111111011010011 3  2  3  2  7  2  3  2  3 
1111000000000101 5  2  3  2  11  2  5  2  3 
1110011100101011 23  2  19  2  5  2  884309  2  7853723 
1000010000111001 3  2  3  2  7  2  3  2  3 
1011000111100111 3  2  5  2  5  2  3  2  11 
1111110100000011 7  13  3  11  43  3  37  7  3 
1000101100100111 7  2  61  2  17  2  43  2  19 
1000000100111001 3  2  3  2  7  2  3  2  3 
1010000011000111 79  349  27407  11  191  991  7  434081  313 
1010111111011101 3  2  3  2  7  2  3  2  3 
1110101110010001 5  13  3  31  43  3  73  7  3 
1111101111100001 17  7  7  102103  41  373  152729  19  7 
1101100011001111 3  2  5  2  5  2  3  2  11 
1011000011011101 19  5  3  11  137  3  5  23  3 
1011100010101011 5  19  3  7  456991  3  285839  5  3 
1011010000111111 3  2  5  2  5  2  3  2  7 
1100011010011011 13  7  3  60457  2689  3  57859  9967  3 
1110010101010101 7  11  3  31  17  3  41  5  3 
1010111000110101 7  13  3  31  43  3  73  7  3 

